   1 A0               -1.01681E+02  2.19826E+03  2.90000E+03
   2 A1               -4.01209E+02 -8.40716E+02  2.90000E+03
   3 A2               -4.65714E+02 -3.38721E+03  2.90000E+03
   4 A3               -2.57410E+02 -3.94952E+03  2.90000E+03
   5 A4                1.01681E+02 -2.19826E+03  2.90000E+03
   6 A5                4.01209E+02  8.40716E+02  2.90000E+03
   7 A6                4.65714E+02  3.38721E+03  2.90000E+03
   8 A7                2.57410E+02  3.94952E+03  2.90000E+03
   9 A8               -2.03362E+02  4.39652E+03  2.90000E+03
  10 A9               -8.02418E+02 -1.68143E+03  2.90000E+03
  11 A10              -9.31427E+02 -6.77442E+03  2.90000E+03
  12 A11              -5.14820E+02 -7.89905E+03  2.90000E+03
  13 A12               2.03362E+02 -4.39652E+03  2.90000E+03
  14 A13               8.02418E+02  1.68143E+03  2.90000E+03
  15 A14               9.31427E+02  6.77442E+03  2.90000E+03
  16 A15               5.14820E+02  7.89905E+03  2.90000E+03
  17 A16              -3.05044E+02  6.59478E+03  2.90000E+03
  18 A17              -1.20363E+03 -2.52215E+03  2.90000E+03
  19 A18              -1.39714E+03 -1.01616E+04  2.90000E+03
  20 A19              -7.72230E+02 -1.18486E+04  2.90000E+03
  21 A20               3.05044E+02 -6.59478E+03  2.90000E+03
  22 A21               1.20363E+03  2.52215E+03  2.90000E+03
  23 A22               1.39714E+03  1.01616E+04  2.90000E+03
  24 A23               7.72230E+02  1.18486E+04  2.90000E+03
  25 A24              -4.06725E+02  8.79303E+03  2.90000E+03
  26 A25              -1.60484E+03 -3.36286E+03  2.90000E+03
  27 A26              -1.86286E+03 -1.35488E+04  2.90000E+03
  28 A27              -1.02964E+03 -1.57981E+04  2.90000E+03
  29 A28               4.06725E+02 -8.79303E+03  2.90000E+03
  30 A29               1.60484E+03  3.36286E+03  2.90000E+03
  31 A30               1.86286E+03  1.35488E+04  2.90000E+03
  32 A31               1.02964E+03  1.57981E+04  2.90000E+03
  33 A32              -5.08406E+02  1.09913E+04  2.90000E+03
  34 A33              -2.00604E+03 -4.20358E+03  2.90000E+03
  35 A34              -2.32857E+03 -1.69361E+04  2.90000E+03
  36 A35              -1.28705E+03 -1.97476E+04  2.90000E+03
  37 A36               5.08406E+02 -1.09913E+04  2.90000E+03
  38 A37               2.00604E+03  4.20358E+03  2.90000E+03
  39 A38               2.32857E+03  1.69361E+04  2.90000E+03
  40 A39               1.28705E+03  1.97476E+04  2.90000E+03
  41 A40              -6.10087E+02  1.31896E+04  2.90000E+03
  42 A41              -2.40725E+03 -5.04430E+03  2.90000E+03
  43 A42              -2.79428E+03 -2.03233E+04  2.90000E+03
  44 A43              -1.54446E+03 -2.36971E+04  2.90000E+03
  45 A44               6.10087E+02 -1.31896E+04  2.90000E+03
  46 A45               2.40725E+03  5.04430E+03  2.90000E+03
  47 A46               2.79428E+03  2.03233E+04  2.90000E+03
  48 A47               1.54446E+03  2.36971E+04  2.90000E+03
  49 A48              -7.11768E+02  1.53878E+04  2.90000E+03
  50 A49              -2.80846E+03 -5.88501E+03  2.90000E+03
  51 A50              -3.26000E+03 -2.37105E+04  2.90000E+03
  52 A51              -1.80187E+03 -2.76467E+04  2.90000E+03
  53 A52               7.11768E+02 -1.53878E+04  2.90000E+03
  54 A53               2.80846E+03  5.88501E+03  2.90000E+03
  55 A54               3.26000E+03  2.37105E+04  2.90000E+03
  56 A55               1.80187E+03  2.76467E+04  2.90000E+03
  57 A56              -8.13450E+02  1.75861E+04  2.90000E+03
  58 A57              -3.20967E+03 -6.72573E+03  2.90000E+03
  59 A58              -3.72571E+03 -2.70977E+04  2.90000E+03
  60 A59              -2.05928E+03 -3.15962E+04  2.90000E+03
  61 A60               8.13450E+02 -1.75861E+04  2.90000E+03
  62 A61               3.20967E+03  6.72573E+03  2.90000E+03
  63 A62               3.72571E+03  2.70977E+04  2.90000E+03
  64 A63               2.05928E+03  3.15962E+04  2.90000E+03
  65 A64              -9.15131E+02  1.97843E+04  2.90000E+03
  66 A65              -3.61088E+03 -7.56644E+03  2.90000E+03
  67 A66              -4.19142E+03 -3.04849E+04  2.90000E+03
  68 A67              -2.31669E+03 -3.55457E+04  2.90000E+03
  69 A68               9.15131E+02 -1.97843E+04  2.90000E+03
  70 A69               3.61088E+03  7.56644E+03  2.90000E+03
  71 A70               4.19142E+03  3.04849E+04  2.90000E+03
  72 A71               2.31669E+03  3.55457E+04  2.90000E+03
  73 A72              -1.01681E+03  2.19826E+04  2.90000E+03
  74 A73              -4.01209E+03 -8.40716E+03  2.90000E+03
  75 A74              -4.65714E+03 -3.38721E+04  2.90000E+03
  76 A75              -2.57410E+03 -3.94952E+04  2.90000E+03
  77 A76               1.01681E+03 -2.19826E+04  2.90000E+03
  78 A77               4.01209E+03  8.40716E+03  2.90000E+03
  79 A78               4.65714E+03  3.38721E+04  2.90000E+03
  80 A79               2.57410E+03  3.94952E+04  2.90000E+03
  81 A80              -1.11849E+03  2.41808E+04  2.90000E+03
  82 A81              -4.41330E+03 -9.24788E+03  2.90000E+03
  83 A82              -5.12285E+03 -3.72593E+04  2.90000E+03
  84 A83              -2.83151E+03 -4.34448E+04  2.90000E+03
  85 A84               1.11849E+03 -2.41808E+04  2.90000E+03
  86 A85               4.41330E+03  9.24788E+03  2.90000E+03
  87 A86               5.12285E+03  3.72593E+04  2.90000E+03
  88 A87               2.83151E+03  4.34448E+04  2.90000E+03
  89 A88              -1.22017E+03  2.63791E+04  2.90000E+03
  90 A89              -4.81451E+03 -1.00886E+04  2.90000E+03
  91 A90              -5.58856E+03 -4.06465E+04  2.90000E+03
  92 A91              -3.08892E+03 -4.73943E+04  2.90000E+03
  93 A92               1.22017E+03 -2.63791E+04  2.90000E+03
  94 A93               4.81451E+03  1.00886E+04  2.90000E+03
  95 A94               5.58856E+03  4.06465E+04  2.90000E+03
  96 A95               3.08892E+03  4.73943E+04  2.90000E+03
  97 A96              -1.32186E+03  2.85774E+04  2.90000E+03
  98 A97              -5.21571E+03 -1.09293E+04  2.90000E+03
  99 A98              -6.05428E+03 -4.40337E+04  2.90000E+03
 100 A99              -3.34633E+03 -5.13438E+04  2.90000E+03
 101 A100              1.32186E+03 -2.85774E+04  2.90000E+03
 102 A101              5.21571E+03  1.09293E+04  2.90000E+03
 103 A102              6.05428E+03  4.40337E+04  2.90000E+03
 104 A103              3.34633E+03  5.13438E+04  2.90000E+03
 105 A104             -1.42354E+03  3.07756E+04  2.90000E+03
 106 A105             -5.61692E+03 -1.17700E+04  2.90000E+03
 107 A106             -6.51999E+03 -4.74209E+04  2.90000E+03
 108 A107             -3.60374E+03 -5.52933E+04  2.90000E+03
 109 A108              1.42354E+03 -3.07756E+04  2.90000E+03
 110 A109              5.61692E+03  1.17700E+04  2.90000E+03
 111 A110              6.51999E+03  4.74209E+04  2.90000E+03
 112 A111              3.60374E+03  5.52933E+04  2.90000E+03
 113 A112             -1.52522E+03  3.29739E+04  2.90000E+03
 114 A113             -6.01813E+03 -1.26107E+04  2.90000E+03
 115 A114             -6.98571E+03 -5.08082E+04  2.90000E+03
 116 A115             -3.86115E+03 -5.92428E+04  2.90000E+03
 117 A116              1.52522E+03 -3.29739E+04  2.90000E+03
 118 A117              6.01813E+03  1.26107E+04  2.90000E+03
 119 A118              6.98571E+03  5.08082E+04  2.90000E+03
 120 A119              3.86115E+03  5.92428E+04  2.90000E+03
 121 A120             -1.62690E+03  3.51721E+04  2.90000E+03
 122 A121             -6.41934E+03 -1.34515E+04  2.90000E+03
 123 A122             -7.45142E+03 -5.41954E+04  2.90000E+03
 124 A123             -4.11856E+03 -6.31924E+04  2.90000E+03
 125 A124              1.62690E+03 -3.51721E+04  2.90000E+03
 126 A125              6.41934E+03  1.34515E+04  2.90000E+03
 127 A126              7.45142E+03  5.41954E+04  2.90000E+03
 128 A127              4.11856E+03  6.31924E+04  2.90000E+03
 129 A128             -1.72858E+03  3.73704E+04  2.90000E+03
 130 A129             -6.82055E+03 -1.42922E+04  2.90000E+03
 131 A130             -7.91713E+03 -5.75826E+04  2.90000E+03
 132 A131             -4.37597E+03 -6.71419E+04  2.90000E+03
 133 A132              1.72858E+03 -3.73704E+04  2.90000E+03
 134 A133              6.82055E+03  1.42922E+04  2.90000E+03
 135 A134              7.91713E+03  5.75826E+04  2.90000E+03
 136 A135              4.37597E+03  6.71419E+04  2.90000E+03
 137 A136             -1.83026E+03  3.95687E+04  2.90000E+03
 138 A137             -7.22176E+03 -1.51329E+04  2.90000E+03
 139 A138             -8.38285E+03 -6.09698E+04  2.90000E+03
 140 A139             -4.63338E+03 -7.10914E+04  2.90000E+03
 141 A140              1.83026E+03 -3.95687E+04  2.90000E+03
 142 A141              7.22176E+03  1.51329E+04  2.90000E+03
 143 A142              8.38285E+03  6.09698E+04  2.90000E+03
 144 A143              4.63338E+03  7.10914E+04  2.90000E+03
 145 A144             -1.93194E+03  4.17669E+04  2.90000E+03
 146 A145             -7.62297E+03 -1.59736E+04  2.90000E+03
 147 A146             -8.84856E+03 -6.43570E+04  2.90000E+03
 148 A147             -4.89079E+03 -7.50409E+04  2.90000E+03
 149 A148              1.93194E+03 -4.17669E+04  2.90000E+03
 150 A149              7.62297E+03  1.59736E+04  2.90000E+03
 151 A150              8.84856E+03  6.43570E+04  2.90000E+03
 152 A151              4.89079E+03  7.50409E+04  2.90000E+03
 153 A152             -2.03362E+03  4.39652E+04  2.90000E+03
 154 A153             -8.02418E+03 -1.68143E+04  2.90000E+03
 155 A154             -9.31427E+03 -6.77442E+04  2.90000E+03
 156 A155             -5.14820E+03 -7.89905E+04  2.90000E+03
 157 A156              2.03362E+03 -4.39652E+04  2.90000E+03
 158 A157              8.02418E+03  1.68143E+04  2.90000E+03
 159 A158              9.31427E+03  6.77442E+04  2.90000E+03
 160 A159              5.14820E+03  7.89905E+04  2.90000E+03
 161 CrossCheckA160   -1.05786E+03 -1.90283E+04  2.90000E+03
 162 CrossCheckA161   -6.05297E+03 -1.93238E+04  2.90000E+03
 163 CrossCheckA162    1.21969E+03 -2.80127E+04  2.90000E+03
 164 CrossCheckA163    5.44995E+03  5.57635E+04  2.90000E+03
 165 CrossCheckA164    4.69795E+03  3.13981E+04  2.90000E+03
 166 CrossCheckA165    9.20326E+03  5.07272E+04  2.90000E+03
 167 CrossCheckA166   -8.56191E+03 -7.02965E+04  2.90000E+03
 168 CrossCheckA167    2.57018E+03  1.76868E+04  2.90000E+03
 169 CrossCheckA168   -2.01489E+03 -8.07294E+03  2.90000E+03
 170 CrossCheckA169   -5.46810E+03 -3.25681E+04  2.90000E+03
 171 CrossCheckA170   -1.93667E+03 -6.11932E+04  2.90000E+03
 172 CrossCheckA171   -1.74087E+03  3.35728E+04  2.90000E+03
 173 CrossCheckA172   -1.89083E+03 -3.86851E+04  2.90000E+03
 174 CrossCheckA173    3.33581E+03  3.44889E+04  2.90000E+03
 175 CrossCheckA174   -5.30160E+03 -1.07587E+03  2.90000E+03
 176 CrossCheckA175   -2.50659E+03  3.12770E+04  2.90000E+03
